image: map.pgm
resolution: 0.050000
origin: [-30.054743, -18.762333, 0.000000]
negate: 0
occupied_thresh: 0.65
free_thresh: 0.196

